,City,Cloudiness,Country,Date,Humidity,Lat,Lng,Max Temp,Wind Speed
0,port-gentil,100,GA,1668919732,85,-0.7193,8.7815,77.92,14.27
1,flinders,0,AU,1668919732,40,-34.5833,150.8552,78.19,18.01
2,rikitea,100,PF,1668919733,67,-23.1203,-134.9692,71.87,9.06
3,uchkent,95,RU,1668919734,62,43.1143,47.0826,53.69,3.31
4,norman wells,75,CA,1668919734,93,65.282,-126.8329,24.84,9.22
5,chapais,100,CA,1668919735,92,49.7834,-74.8492,20.98,8.61
6,port alfred,15,ZA,1668919735,71,-33.5906,26.891,62.96,10.85
7,fort nelson,100,CA,1668919526,79,58.8053,-122.7002,13.59,2.3
8,east london,0,ZA,1668919736,63,-33.0153,27.9116,61.74,8.05
9,miraflores,71,MX,1668919737,74,19.2167,-98.8083,58.87,1.12
10,bluff,64,NZ,1668919738,88,-46.6,168.3333,58.8,13.06
11,punta arenas,40,CL,1668919646,57,-53.15,-70.9167,44.71,20.71
12,sur,0,OM,1668919738,43,22.5667,59.5289,81.03,1.28
13,marang,100,MY,1668919739,72,5.2056,103.2059,87.96,17.45
14,kahului,20,US,1668919574,75,20.8947,-156.47,78.82,16.11
15,atbasar,7,KZ,1668919740,89,51.8,68.3333,6.91,7.29
16,busselton,78,AU,1668919741,44,-33.65,115.3333,69.17,4.72
17,mamallapuram,97,IN,1668919741,57,12.6264,80.1722,80.65,15.57
18,hermanus,26,ZA,1668919742,74,-34.4187,19.2345,53.8,4.23
19,saint-georges,28,GD,1668919743,78,12.0564,-61.7485,79.09,15.9
20,hofn,100,IS,1668919743,86,64.2539,-15.2082,46.45,16.06
21,bilma,100,NE,1668919744,22,18.6853,12.9164,67.03,6.53
22,kapaa,40,US,1668919745,80,22.0752,-159.319,76.1,18.41
23,brae,98,GB,1668919746,71,60.3964,-1.353,44.85,30.18
24,mataura,89,NZ,1668919746,82,-46.1927,168.8643,58.48,1.66
25,camabatela,100,AO,1668919747,99,-8.1881,15.375,61.23,1.19
26,atuona,45,PF,1668919748,69,-9.8,-139.0333,77.5,9.75
27,barrow,40,US,1668919748,86,71.2906,-156.7887,19.42,17.27
28,taolanaro,75,MU,1668919749,78,-20.5167,57.5167,73.78,3.44
29,souillac,100,CA,1668919750,85,55.7435,-97.8558,8.76,5.75
30,thompson,30,AU,1668919751,57,-34.7333,135.8667,60.73,27.6
31,port lincoln,88,PT,1668919751,96,38.5167,-28.7,65.77,11.99
32,ribeira grande,75,SJ,1668919752,87,78.2186,15.6401,37.24,14.97
33,longyearbyen,16,ET,1668919753,77,8.5333,34.8,60.93,3.29
34,dembi dolo,20,US,1668919753,85,19.7297,-155.09,73.13,5.01
35,hilo,0,US,1668919755,65,40.0931,-83.018,24.85,25.32
36,saleaula,8,RE,1668919755,68,-21.3585,55.7679,78.39,4.34
37,worthington,40,AU,1668919756,89,-37.8333,140.7667,51.39,19.06
38,saint-philippe,100,US,1668919757,62,42.2506,-75.833,31.01,8.05
39,mount gambier,2,CN,1668919757,32,42.8,93.45,43.36,9.44
40,broome,75,MU,1668919758,78,-20.3428,57.7575,79.21,3.44
41,hami,35,PG,1668919759,69,-10.6167,150.6667,85.69,14.36
42,bambous virieux,99,RU,1668919760,92,48.0624,46.1091,49.89,14.27
43,samarai,20,TH,1668919760,46,17.4897,104.1006,84.24,5.44
44,chernyy yar,99,AU,1668919761,46,-42.7826,147.0587,63.91,8.01
45,na wa,100,JP,1668919762,74,35.1333,140.3,59.74,18.3
46,new norfolk,0,AR,1668919718,92,-38.0023,-57.5575,66.09,0.0
47,katsuura,74,PH,1668919763,73,20.4487,121.9702,80.6,16.8
48,mar del plata,75,BR,1668919763,77,-20.3297,-40.2925,72.95,3.44
49,basco,99,RU,1668919764,82,64.3833,-173.3,26.74,8.01
50,vila velha,97,NG,1668919765,26,12.2175,4.3792,70.02,9.4
51,provideniya,0,RU,1668919525,50,53.0452,158.6483,21.79,4.47
52,jega,43,TO,1668919766,66,-19.8,-174.35,78.39,3.78
53,petropavlovsk-kamchatskiy,100,US,1668919767,70,29.3627,-100.8968,44.71,4.61
54,pangai,0,US,1668919768,41,39.5505,-107.3248,33.03,3.44
55,del rio,100,MX,1668919570,88,23.7667,-98.2167,51.22,16.11
56,glenwood springs,98,RU,1668919769,97,65.9811,60.3094,18.05,5.01
57,soto la marina,100,PF,1668919769,81,-16.4833,-151.75,78.21,12.44
58,verkhnyaya inta,58,IS,1668919771,79,63.4427,-20.2734,45.66,16.02
59,faanui,0,US,1668919664,62,45.5234,-122.6762,39.15,14.97
60,karauzyak,20,CA,1668919531,47,55.2834,-114.769,30.18,5.75
61,vestmannaeyjar,100,RU,1668919773,77,51.7102,143.2326,32.34,9.64
62,portland,0,AR,1668919774,22,-45.8667,-67.5,55.26,14.97
63,slave lake,100,CA,1668919774,74,62.456,-114.3525,23.56,9.22
64,katangli,69,CO,1668919775,93,6.3017,-70.2041,74.21,5.28
65,vaitupu,3,US,1668919776,87,41.0002,-115.5012,14.02,3.89
66,comodoro rivadavia,40,CA,1668919507,92,58.5169,-117.136,5.11,0.0
67,yellowknife,97,PL,1668919777,98,53.7959,17.9765,23.23,3.22
68,cravo norte,20,CO,1668919777,83,12.5847,-81.7006,80.62,12.66
69,elko,40,NG,1668919778,89,6.4402,7.4943,78.19,9.22
70,high level,24,US,1668919779,83,45.5113,-92.9802,10.47,8.99
71,czersk,40,AR,1668919779,61,-54.8,-68.3,42.46,3.44
72,san andres,98,RU,1668919780,98,66.7697,123.3711,-7.53,11.9
73,enugu,0,NO,1668919781,80,69.3143,16.1194,30.18,9.22
74,north branch,41,US,1668919781,65,42.6001,-73.9662,28.53,5.17
75,ushuaia,84,PA,1668919782,93,8.3333,-80.5167,74.84,3.62
76,zhigansk,86,MX,1668919575,84,25.35,-105.7333,50.11,4.83
77,andenes,100,GL,1668919783,76,60.1432,-45.2371,30.4,4.34
78,albany,100,NE,1668919784,26,14.9709,8.8879,66.56,9.89
79,meyungs,0,ZA,1668919675,79,-33.9258,18.4232,63.37,8.99
80,nata,29,CL,1668919692,80,-37.6167,-73.65,54.27,20.13
81,santa catarina de tepehuanes,100,CK,1668919786,73,-21.2078,-159.775,75.25,8.05
82,nanortalik,66,KI,1668919786,73,3.0707,172.7902,81.05,8.81
83,tanout,13,RU,1668919787,95,60.4667,166.1,-4.77,8.12
84,illoqqortoormiut,100,LR,1668919524,78,6.3005,-10.7969,77.47,8.55
85,cape town,97,RU,1668919789,100,71.9167,114.0833,-19.88,2.26
86,lebu,68,IT,1668919598,81,46.715,11.656,33.19,3.56
87,avarua,84,KZ,1668919790,54,44.1667,66.75,42.06,4.83
88,butaritari,87,CA,1668919791,66,46.3834,-82.6331,15.31,10.13
89,tilichiki,51,PG,1668919792,65,-2.0226,147.2712,85.26,7.65
90,sorvag,100,BR,1668919792,93,-9.0656,-68.6569,74.5,3.09
91,monrovia,46,GL,1668919793,50,69.2167,-51.1,26.62,9.22
92,phan rang,75,TO,1668919794,78,-21.2,-175.2,80.76,5.75
93,faridan,53,GE,1668919795,70,41.9563,42.9566,45.97,5.59
94,saskylakh,77,CD,1668919795,94,-6.4167,20.8,68.95,0.47
95,bressanone,91,RU,1668919796,81,59.7035,30.7861,22.91,7.78
96,nizhneyansk,29,ET,1668919797,68,11.5936,37.3908,63.75,3.67
97,shieli,2,GL,1668919797,55,77.484,-69.3632,-2.58,6.44
98,belushya guba,0,AU,1668919798,36,-24.8667,113.6333,80.74,15.23
99,elliot lake,100,CN,1668919798,18,40.2833,97.2,44.58,20.47
100,lorengau,100,US,1668919799,61,57.0531,-135.33,48.09,18.41
101,sena madureira,15,CN,1668919799,81,43.801,87.6005,34.75,2.24
102,ilulissat,75,NO,1668919801,86,70.3705,31.1107,31.98,8.05
103,grand river south east,0,CN,1668919802,48,29.7226,112.419,71.2,7.4
104,vaini,75,US,1668919802,88,64.8569,-147.8028,10.58,3.44
105,khani,90,KE,1668919803,69,1.7471,40.0573,78.55,9.73
106,tshikapa,100,NE,1668919804,15,18.7369,7.3853,69.48,5.59
107,nikolskoye,75,MU,1668919805,78,-20.4081,57.7,79.25,3.44
108,bahir dar,100,HU,1668919805,93,46.8167,21.0333,39.02,12.03
109,qaanaaq,3,ZW,1668919806,30,-17.6203,27.3414,80.02,0.56
110,carnarvon,100,BR,1668919807,85,-22.9661,-42.0278,69.44,7.14
111,yumen,88,ID,1668919808,74,-3.8004,102.2655,81.95,10.74
112,sitka,35,RU,1668919808,74,51.1983,136.6669,32.9,10.38
113,urumqi,100,GF,1668919635,94,4.9333,-52.3333,75.24,0.0
114,vardo,100,VN,1668919809,94,14.35,108.0,71.65,2.39
115,shishou,10,US,1668919810,60,39.447,-86.1758,25.47,13.42
116,college,70,BR,1668919811,94,-15.6178,-46.4233,67.86,2.68
117,wajir,100,FO,1668919812,92,62.2266,-6.589,45.52,40.53
118,arlit,88,UY,1668919813,85,-33.6971,-53.4616,65.89,12.59
119,mahebourg,44,AU,1668919813,83,-38.2667,141.9667,55.72,25.81
120,mezobereny,100,CA,1668919814,68,43.7501,-81.7165,28.9,26.46
121,binga,86,NZ,1668919815,81,-46.2817,169.8464,57.7,4.56
122,barentsburg,85,NE,1668919815,25,12.9983,8.9099,66.13,8.1
123,arraial do cabo,100,FI,1668919816,84,61.5563,23.5961,25.63,11.5
124,bengkulu,100,GL,1668919816,92,72.7868,-56.1549,15.84,10.42
125,gorin,1,NU,1668919817,74,-19.0595,-169.9187,80.49,5.75
126,cayenne,0,MR,1668919818,50,20.5022,-10.0711,63.1,9.73
127,kon tum,0,US,1668919818,58,37.2711,-87.1764,28.85,4.61
128,attawapiskat,69,NA,1668919819,59,-26.6481,15.1594,63.57,13.71
129,bud,20,LK,1668919820,74,6.1241,81.1185,84.54,3.44
130,buritis,99,RU,1668919820,97,73.5069,80.5464,-15.83,10.45
131,klaksvik,63,SN,1668919821,14,14.905,-12.4568,70.93,7.0
132,ondorhaan,100,RU,1668919822,84,54.7183,135.315,25.52,0.47
133,chuy,22,MV,1668919822,77,-0.6,73.0833,81.18,9.75
134,codrington,16,BW,1668919823,28,-18.3667,21.85,77.81,1.68
135,goderich,100,PH,1668919823,75,15.4817,120.6856,89.11,2.08
136,kaitangata,25,GF,1668919824,81,5.3833,-52.95,78.01,10.31
137,magaria,0,US,1668919825,68,41.3712,-73.414,34.11,0.0
138,ylojarvi,40,US,1668919808,52,42.097,-79.2353,26.24,17.27
139,upernavik,100,CD,1668919826,98,-5.25,14.8667,67.28,4.81
140,alofi,100,RO,1668919826,99,46.4333,26.4,31.28,3.47
141,adrar,100,CA,1668919827,93,69.4541,-133.0374,23.0,9.22
142,morehead,0,US,1668919828,41,37.1041,-113.5841,43.39,6.91
143,mys shmidta,0,ZA,1668919828,54,-34.0033,24.7314,60.64,4.45
144,luderitz,75,ES,1668919829,78,28.6585,-17.9182,64.15,17.27
145,hambantota,95,GW,1668919830,43,11.2833,-15.8333,81.21,14.23
146,dikson,91,PH,1668919831,74,10.9995,122.6711,85.24,7.61
147,bakel,100,RU,1668919831,81,50.3167,130.3667,27.28,12.57
148,chumikan,0,SA,1668919826,35,17.4924,44.1277,57.85,3.47
149,hithadhoo,92,EC,1668919832,96,-0.7393,-90.3518,68.56,7.0
150,shakawe,95,CV,1668919833,67,14.8961,-24.4956,76.32,15.21
151,balingcanaway,91,CO,1668919833,83,3.2222,-75.2367,73.98,3.42
152,sinnamary,98,RU,1668919834,72,51.6753,79.7825,14.54,6.8
153,bethel,20,MY,1668919834,78,5.4112,100.3354,87.73,5.99
154,jamestown,40,US,1668919835,73,42.587,-82.9199,24.89,11.01
155,mbanza-ngungu,100,GL,1668919836,90,65.6145,-37.6368,31.51,9.06
156,asau,0,MX,1668919836,58,30.4833,-115.95,59.9,4.05
157,utiroa,100,RU,1668919837,77,61.95,159.2333,2.55,6.2
158,tuktoyaktuk,100,RU,1668919837,77,50.3,87.7333,13.21,4.65
159,saint george,5,AI,1668919838,74,18.217,-63.0578,80.1,20.96
160,kruisfontein,43,MX,1668919839,81,15.85,-97.0667,77.85,4.63
161,karkaralinsk,0,US,1668919839,54,35.6234,-95.9605,35.46,0.0
162,los llanos de aridane,0,US,1668919840,77,34.6391,-120.4579,51.58,5.75
163,bubaque,10,ZA,1668919840,39,-28.0856,27.1381,59.56,7.61
164,dingle,90,US,1668919841,85,46.5333,-87.6335,14.04,11.25
165,talakan,54,GL,1668919842,85,64.1835,-51.7216,17.85,5.57
166,najran,100,RU,1668919842,78,56.1667,91.8167,18.01,14.09
167,puerto ayora,94,ID,1668919843,71,4.1363,96.1285,82.74,3.4
168,sao filipe,100,RU,1668919843,87,59.1364,31.8502,23.86,7.83
169,aipe,38,CL,1668919844,80,-20.2208,-70.1431,64.44,3.71
170,malinovoye ozero,27,AR,1668919845,71,-27.4871,-55.1199,64.09,2.71
171,georgetown,89,RU,1668919845,97,63.0128,112.4714,-3.41,5.01
172,clinton,0,NO,1668919846,43,70.0311,20.9714,23.0,6.42
173,tasiilaq,100,AT,1668919846,94,47.2667,15.3167,41.27,1.88
174,san quintin,100,ID,1668919847,80,-3.3667,135.4833,79.45,0.47
175,evensk,20,US,1668919848,70,42.1584,-72.3287,30.67,4.61
176,aktash,40,AU,1668919626,48,-42.8794,147.3294,64.26,18.41
177,the valley,79,AO,1668919849,92,-10.7073,22.2247,64.6,2.89
178,puerto escondido,92,CN,1668919849,85,27.4327,120.6062,69.33,6.15
179,okmulgee,82,IN,1668919850,38,23.25,88.4667,79.84,9.35
180,lompoc,99,NA,1668919850,79,-22.116,14.2845,62.44,1.21
181,ventersburg,75,PG,1668919851,65,-3.6667,152.4333,83.73,9.62
182,marquette,75,MM,1668919851,37,23.6333,94.4167,81.59,2.91
183,nuuk,99,NG,1668919852,92,5.9667,8.7063,75.09,1.01
184,kedrovyy,69,GL,1668919853,80,65.4167,-52.9,22.37,14.43
185,meulaboh,68,SO,1668919854,71,9.56,44.065,63.5,9.28
186,krasnofarfornyy,64,EG,1668919854,73,31.2156,29.9553,61.34,5.77
187,yialos,64,MM,1668919855,52,14.0833,98.2,90.64,1.1
188,iquique,40,MX,1668919855,93,21.2833,-88.2667,72.52,5.28
189,obera,48,BR,1668919856,90,-24.7911,-50.0119,55.44,10.45
190,chernyshevskiy,50,CA,1668919856,83,66.1451,-65.7125,-3.01,5.5
191,skjervoy,57,BR,1668919857,82,-2.9248,-39.9167,77.2,11.03
192,frohnleiten,40,US,1668919809,63,36.8252,-119.7029,53.83,3.44
193,nabire,0,TR,1668919858,72,39.1083,39.5471,47.7,2.66
194,palmer,0,ZA,1668919859,72,-33.918,25.5701,64.69,8.05
195,hobart,8,CL,1668919859,88,-25.4,-70.4833,61.29,0.96
196,luau,68,ZA,1668919860,69,-34.5322,20.0403,59.34,2.3
197,jinxiang,75,AU,1668919567,62,-15.7667,128.7333,89.58,5.75
198,shantipur,100,RU,1668919861,98,71.6872,128.8694,-3.8,7.2
199,henties bay,72,IN,1668919862,37,18.0333,73.0167,80.78,6.24
200,namatanai,100,RU,1668919862,97,70.6333,147.9167,-13.61,8.46
201,mawlaik,39,KZ,1668919863,62,43.65,51.2,41.58,5.79
202,samusu,40,US,1668919864,77,28.2336,-82.1812,61.0,6.91
203,ikom,100,RU,1668919865,98,46.4856,135.8833,33.62,3.8
204,maniitsoq,1,IN,1668919867,28,30.6945,78.4932,62.26,5.32
205,hargeysa,60,AO,1668919867,78,-15.1961,12.1522,69.55,5.26
206,alexandria,16,ZA,1668919868,45,-30.6497,24.0123,55.8,11.45
207,dawei,100,RU,1668919869,99,65.7,82.4667,-10.48,6.64
208,panaba,0,CN,1668919870,20,25.7,100.1833,65.61,3.44
209,castro,100,US,1668919871,87,28.017,-97.5169,45.84,13.51
210,pangnirtung,99,BR,1668919872,79,-6.9811,-34.8339,77.67,10.29
211,itarema,100,RU,1668919873,81,57.3064,88.1667,5.63,12.01
212,clovis,99,RU,1668919814,85,65.5833,-171.0,23.52,12.06
213,tunceli,48,RU,1668919874,88,66.3167,-179.1667,-11.51,10.04
214,samalaeulu,99,RU,1668919874,95,61.67,96.37,3.15,3.04
215,port elizabeth,24,CA,1668919875,66,48.6499,-53.1147,32.76,21.56
216,taltal,41,VE,1668919735,96,7.7669,-72.225,69.98,2.24
217,bredasdorp,0,AU,1668919876,43,-28.7667,114.6,75.61,19.57
218,kununurra,100,GB,1668919877,95,51.3813,1.3862,44.31,8.97
219,tiksi,96,MK,1668919877,88,42.1433,21.1169,60.53,5.99
220,srivardhan,40,ID,1668919878,74,-3.6954,128.1814,86.14,5.75
221,chokurdakh,1,US,1668919879,59,38.7192,-90.2604,27.21,1.99
222,aktau,90,CA,1668919880,100,68.2191,-135.0107,12.25,5.95
223,zephyrhills,63,NC,1668919694,75,-20.4,164.5667,78.89,5.91
224,vostok,40,MZ,1668919881,78,-23.865,35.3833,80.58,13.0
225,amderma,7,ZM,1668919881,42,-14.9783,27.0619,72.32,3.87
226,ginda,21,RU,1668919882,81,49.9333,116.8667,10.17,11.95
227,namibe,54,RU,1668919883,97,66.8333,70.8333,-11.97,5.91
228,de aar,55,PE,1668919884,92,-9.8993,-76.9417,44.94,1.54
229,tumannyy,80,MX,1668919884,69,24.4125,-106.6908,64.49,2.37
230,krasnoselkup,52,PT,1668919885,64,32.6667,-17.1,65.03,5.84
231,dali,0,US,1668919886,93,43.4065,-124.2243,40.86,6.91
232,san patricio,4,IN,1668919887,31,27.9167,96.1667,78.84,3.65
233,cabedelo,84,RU,1668919887,98,69.3833,178.4167,-16.78,5.44
234,sentyabrskiy,100,RU,1668919888,97,68.75,161.3,-10.3,11.92
235,teguldet,0,RU,1668919889,65,53.6039,91.3903,26.85,15.66
236,lavrentiya,44,IN,1668919889,42,25.5198,90.2201,76.89,1.23
237,egvekinot,84,JP,1668919890,79,28.3667,129.4833,70.72,15.5
238,baykit,52,TD,1668919891,33,11.0297,20.2827,70.29,5.88
239,bonavista,0,CL,1668919891,86,-45.5752,-72.0662,41.61,2.3
240,san cristobal,100,AR,1668919892,43,-31.2503,-61.4867,76.98,3.0
241,geraldton,91,RU,1668919892,90,61.6864,53.6902,16.18,7.92
242,margate,67,TD,1668919893,24,11.7833,17.1667,71.8,9.24
243,vratnica,55,CN,1668919810,65,37.1717,119.9214,61.11,2.84
244,ambon,24,CN,1668919894,54,27.6883,111.6642,72.28,3.94
245,jennings,0,NO,1668919895,48,63.7256,8.834,31.96,14.43
246,aklavik,86,ES,1668919895,95,38.4167,-6.4167,46.67,4.59
247,pouebo,24,PE,1668919896,85,-8.3791,-74.5539,75.04,2.01
248,inhambane,0,NO,1668919897,62,70.9963,24.6622,35.83,3.44
249,mumbwa,80,IN,1668919897,70,11.6667,92.75,83.75,9.28
250,dauriya,0,US,1668919835,74,40.0833,-105.3505,21.22,6.91
251,yar-sale,100,RU,1668919898,99,69.7008,170.3133,-18.87,8.14
252,huallanca,21,ZM,1668919899,66,-13.5927,24.2008,67.8,1.9
253,cosala,0,PE,1668919899,88,-13.7,-76.2167,63.01,8.05
254,ponta do sol,96,RU,1668919900,93,66.6572,66.4183,-4.16,4.79
255,north bend,98,BR,1668919900,94,-17.7125,-39.2481,70.14,2.64
256,tezu,100,TL,1668919901,91,-8.9266,125.4092,64.58,1.43
257,leningradskiy,66,BR,1668919902,88,-1.195,-46.02,74.82,5.01
258,cherskiy,23,MM,1668919902,27,25.3833,97.4,78.71,1.63
259,belyy yar,75,CN,1668919903,55,48.2333,129.5,29.64,13.87
260,tura,66,DK,1668919904,91,55.7704,9.7011,33.15,1.99
261,naze,20,JP,1668919904,74,26.1842,127.7558,80.65,16.11
262,am timan,95,PA,1668919905,88,9.5167,-79.0333,78.04,6.58
263,coihaique,85,BR,1668919905,47,-18.5067,-54.76,81.19,4.43
264,rafaela,4,CN,1668919906,49,33.2579,116.5655,66.76,4.9
265,ust-kulom,0,ZA,1668919906,62,-34.0527,23.3716,61.7,2.59
266,ngama,22,TM,1668919907,48,37.3482,59.6143,59.95,1.66
267,laizhou,28,RU,1668919908,99,66.0,111.5,-14.04,6.24
268,lianyuan,100,RU,1668919908,94,68.0531,39.5131,34.09,7.94
269,sistranda,100,RS,1668919909,75,42.8934,22.0735,59.16,4.47
270,zafra,72,HK,1668919682,72,22.2855,114.1577,84.96,11.01
271,pucallpa,100,LK,1668919910,72,9.6685,80.0074,79.36,15.79
272,havoysund,27,PE,1668919910,82,-8.1711,-79.0092,62.78,5.75
273,port blair,44,GB,1668919911,95,50.3904,-3.9191,47.86,15.35
274,boulder,100,ID,1668919911,57,-3.7508,103.6372,88.25,3.15
275,pevek,69,RU,1668919912,80,62.5333,155.8,-9.44,2.08
276,kabompo,16,RU,1668919913,83,54.6316,72.3963,4.8,8.81
277,pisco,0,CN,1668919913,52,26.8881,112.615,73.13,1.79
278,labytnangi,99,IN,1668919914,60,8.0833,77.5667,80.87,2.06
279,caravelas,99,RU,1668919914,78,46.5389,138.3297,40.84,12.66
280,airai,75,ES,1668919915,76,39.8885,4.2658,52.36,12.66
281,carutapera,45,RU,1668919916,75,50.35,90.5,11.39,7.92
282,myitkyina,96,RU,1668919916,92,60.34,102.2797,6.82,5.39
283,xinqing,100,RU,1668919917,97,71.9667,102.5,-26.75,2.53
284,hedensted,40,CA,1668919917,58,55.1001,-105.2842,19.65,10.36
285,nishihara,1,NO,1668919918,70,59.9156,5.781,35.01,4.0
286,tubuala,53,BD,1668919918,56,20.8624,92.3058,85.15,5.46
287,coxim,0,IN,1668919919,33,20.9,70.3667,81.64,10.98
288,mengcheng,95,RU,1668919920,97,69.4865,88.3972,-13.99,3.65
289,plettenberg bay,33,US,1668919920,51,40.5187,-78.3947,31.21,3.0
290,kaka,62,SB,1668919921,73,-8.145,159.5921,83.35,8.57
291,aykhal,100,CA,1668919921,84,48.9329,-125.5528,41.09,5.41
292,ostrovnoy,21,ET,1668919922,57,7.05,38.4667,62.49,3.87
293,grdelica,100,JP,1668919923,78,34.9833,139.8667,59.09,20.51
294,victoria,100,PH,1668919924,80,7.6947,126.5503,82.29,7.11
295,jaffna,84,RU,1668919925,93,63.3667,47.9167,18.03,6.33
296,moche,12,RE,1668919925,67,-21.3667,55.6167,77.38,1.01
297,ivybridge,100,CA,1668919926,54,55.0667,-117.2859,26.64,8.05
298,payo,40,BB,1668919927,78,13.0667,-59.5333,80.69,18.41
299,omsukchan,100,SE,1668919927,100,64.7507,20.9528,28.0,5.75
300,sherbakul,50,BY,1668919928,97,52.6333,29.7333,11.37,2.66
301,hengyang,100,IN,1668919929,50,16.7333,82.2167,77.47,5.1
302,kanniyakumari,30,AU,1668919930,20,-23.7,133.8833,81.95,10.36
303,svetlaya,75,CA,1668919793,63,46.5168,-84.3333,19.69,17.27
304,mao,81,MX,1668919931,79,22.8909,-109.9124,74.61,8.08
305,mugur-aksy,42,RU,1668919931,75,52.5178,99.825,5.29,1.95
306,vanavara,100,SE,1668919932,75,59.3793,13.5036,30.76,11.5
307,khatanga,17,IN,1668919933,38,28.1667,94.7667,76.5,1.16
308,la ronge,73,NC,1668919933,78,-20.2333,164.0167,77.74,12.62
309,hellvik,75,CA,1668919934,93,50.6996,-127.4199,33.98,2.3
310,teknaf,55,TD,1668919935,37,9.3086,15.8066,69.85,5.28
311,veraval,99,MV,1668919936,73,6.6221,73.07,79.97,1.59
312,talnakh,100,PK,1668919937,25,28.8947,64.4101,67.05,7.7
313,altoona,26,NG,1668919938,23,12.871,11.0482,66.78,8.86
314,buala,100,US,1668919754,43,37.9887,-84.4777,32.0,18.41
315,ucluelet,15,RU,1668919939,68,50.6977,103.4656,12.38,3.11
316,awassa,11,AU,1668919939,22,-32.5,137.7667,77.25,22.06
317,skagastrond,84,ID,1668919940,62,-4.9408,122.5276,86.58,6.33
318,tateyama,94,MV,1668919941,79,3.7833,72.9667,81.09,13.47
319,kinablangan,96,MV,1668919942,73,5.6667,73.0,80.85,8.88
320,blagoyevo,0,IT,1668919942,82,39.2519,9.1794,56.03,5.75
321,saint-joseph,63,NZ,1668919682,91,-45.4167,167.7167,60.46,2.42
322,valleyview,22,WS,1668919943,76,-13.8745,-171.5986,80.38,8.9
323,oistins,44,CN,1668919944,62,27.3409,117.4831,75.29,0.65
324,skelleftea,100,GL,1668919945,74,60.9167,-46.05,26.15,3.98
325,svetlogorsk,74,IT,1668919946,89,46.6166,10.7002,29.03,6.42
326,yanam,40,CA,1668919946,76,70.4692,-68.5914,-16.37,5.75
327,alice springs,100,JP,1668919947,60,35.7333,140.8333,61.29,12.86
328,sault sainte marie,99,RU,1668919948,98,54.5386,38.6173,23.67,2.51
329,cabo san lucas,49,AU,1668919949,13,-25.2406,130.9889,82.24,2.8
330,orlik,8,ZW,1668919949,32,-18.1302,30.1407,77.59,4.27
331,karlstad,25,CN,1668919950,76,29.9576,122.298,64.18,16.42
332,along,80,PH,1668919951,73,13.25,120.6667,84.65,2.59
333,poum,96,CA,1668919951,91,46.4334,-81.1498,17.02,9.6
334,port hardy,94,AO,1668919952,88,-13.7333,15.0667,62.56,1.77
335,umzimvubu,92,EC,1668919953,83,-0.95,-80.7333,70.11,10.8
336,kelo,0,CL,1668919953,66,-35.3333,-72.4167,56.68,11.65
337,kulhudhuffushi,100,PL,1668919954,97,53.1421,17.6018,29.44,7.05
338,toungoo,90,RU,1668919955,79,57.3201,43.1041,19.72,11.59
339,dalbandin,6,ZA,1668919955,77,-33.0117,17.9442,59.99,10.11
340,gashua,43,CN,1668919943,54,25.2819,110.2864,64.51,3.04
341,lexington,85,IE,1668919956,69,54.6333,-8.45,47.17,20.47
342,bayangol,10,YE,1668919957,74,15.0584,43.2851,78.24,3.31
343,port augusta,100,ID,1668919957,76,-5.6667,132.75,80.37,13.0
344,katobu,41,IN,1668919958,51,10.5669,72.642,80.92,4.41
345,mahibadhoo,100,PF,1668919959,82,-17.7333,-149.15,75.4,12.15
346,ugoofaaru,86,CD,1668919959,98,-0.2167,20.8667,68.86,2.17
347,quartucciu,82,LV,1668919960,81,56.8879,21.1859,17.51,9.01
348,te anau,100,RU,1668919961,96,63.8567,57.3094,19.49,8.23
349,lufilufi,0,ML,1668919961,17,18.9048,-3.5265,68.25,9.13
350,shaowu,100,SO,1668919962,72,7.9803,49.8164,81.23,14.27
351,narsaq,100,RU,1668919962,84,59.5336,33.9167,19.26,8.3
352,lasa,75,ES,1668919909,73,27.9117,-15.5407,60.12,16.11
353,clyde river,76,RU,1668919963,93,65.75,150.85,-24.48,5.99
354,hasaki,0,US,1668919769,88,64.8378,-147.7164,10.6,3.44
355,uzunovo,86,PE,1668919964,89,-11.0964,-77.6139,62.96,6.73
356,zachagansk,100,RU,1668919965,99,51.4,46.8667,35.33,6.64
357,yulara,63,VE,1668919966,92,8.9242,-67.4293,72.82,5.97
358,chegutu,1,IN,1668919966,45,26.9267,83.7153,73.76,4.25
359,shenjiamen,6,PE,1668919967,86,-4.5772,-81.2719,64.31,12.75
360,mamburao,0,US,1668919967,68,39.6478,-104.9878,27.57,8.05
361,lively,0,IN,1668919968,32,22.6,76.9167,72.14,6.15
362,caconda,100,CA,1668919968,83,45.6169,-61.3485,35.62,4.61
363,manta,0,CL,1668919969,61,-26.3667,-70.05,61.02,3.56
364,constitucion,93,ML,1668919970,16,16.6362,1.637,69.91,11.79
365,naklo nad notecia,100,UA,1668919970,90,50.4,26.15,26.47,7.52
366,yuryevets,28,AU,1668919971,31,-29.7833,151.1167,84.67,13.0
367,saldanha,5,MG,1668919971,67,-14.2667,50.1667,77.85,3.89
368,guilin,89,VU,1668919972,74,-13.8833,167.55,84.87,0.0
369,killybegs,58,PG,1668919973,73,-5.5502,150.1429,84.4,4.21
370,bajil,99,ID,1668919973,54,-3.945,122.4989,88.95,2.44
371,tual,20,IT,1668919974,79,38.1711,13.2393,62.26,10.36
372,kavaratti,50,CI,1668919974,86,4.423,-7.3528,72.66,2.39
373,tautira,100,UZ,1668919975,87,40.4272,71.7189,45.32,0.0
374,boende,81,KZ,1668919976,76,44.5086,50.263,51.94,9.75
375,pavilosta,0,AU,1668919778,29,-33.8679,151.2073,79.38,26.46
376,lolua,100,US,1668919805,87,30.4394,-97.62,40.42,8.05
377,vuktyl,100,SE,1668919977,83,62.6323,17.9379,30.0,15.05
378,araouane,77,NA,1668919978,34,-18.0607,13.84,74.61,3.71
379,eyl,100,GL,1668919978,93,66.9395,-53.6735,25.45,23.78
380,senno,39,RU,1668919979,68,50.6789,156.125,33.98,7.87
381,santa lucia,95,NZ,1668919980,93,-40.0333,176.35,63.73,1.66
382,zyryanka,100,GB,1668919980,98,51.0651,-1.3187,50.49,6.91
383,fairbanks,76,AU,1668919981,83,-25.2986,152.8535,76.75,23.67
384,hualmay,20,MZ,1668919982,78,-15.1165,39.2666,73.35,15.01
385,stepnoye,75,IS,1668919983,87,63.8424,-22.4338,44.55,17.27
386,calabozo,97,CA,1668919806,91,46.49,-80.99,17.06,5.99
387,kaptanganj,100,US,1668919984,79,41.7001,-80.7665,26.26,18.41
388,talara,0,CA,1668919985,79,49.1334,-102.9842,14.34,10.36
389,englewood,10,AU,1668919985,81,-21.15,149.2,80.33,13.87
390,khategaon,0,CL,1668919775,76,-33.0393,-71.6273,55.04,3.44
391,port hawkesbury,38,CL,1668919943,98,-39.8142,-73.2459,44.69,2.68
392,diego de almagro,0,CA,1668919987,86,55.2999,-123.1698,16.02,3.44
393,gao,75,CA,1668919862,87,50.2001,-66.3821,17.6,5.99
394,mizoch,29,US,1668919777,68,41.1668,-74.0496,38.03,5.03
395,inverell,74,ML,1668919989,16,16.4145,-3.6708,72.55,9.46
396,sambava,94,BR,1668919990,85,-6.6603,-69.8736,76.69,1.74
397,sola,0,IT,1668919991,61,45.4612,8.0137,41.76,6.06
398,kimbe,72,US,1668919991,72,39.4101,-74.3646,47.01,5.99
399,kendari,82,CA,1668919992,86,44.0787,-80.2041,21.65,16.4
400,capaci,60,CA,1668919993,68,50.2499,-117.8023,23.34,3.44
401,tabou,100,AU,1668919993,32,-20.3167,118.5667,81.63,19.15
402,komsomolskiy,100,PT,1668919994,96,40.1629,-8.3327,55.81,2.68
403,fort-shevchenko,48,MG,1668919995,59,-13.2,49.05,80.67,4.47
404,sidney,76,BJ,1668919876,90,6.4965,2.6036,78.62,3.69
405,pflugerville,99,US,1668919996,78,38.8876,-76.5119,40.5,1.01
406,harnosand,1,SA,1668919997,56,18.3851,42.4509,53.71,1.97
407,opuwo,62,MN,1668919997,79,49.9811,92.0667,16.05,3.6
408,sisimiut,20,US,1668919902,52,39.1834,-84.5333,27.23,17.27
409,severo-kurilsk,74,ET,1668919999,69,10.7,37.0667,60.53,1.48
410,takapau,99,TR,1668919999,83,41.5,33.6667,48.88,1.72
411,winchester,100,US,1668920000,51,33.194,-82.5271,48.25,8.5
412,hervey bay,7,NL,1668920001,57,51.9667,5.6667,30.88,4.25
413,nampula,0,IN,1668920001,29,21.6422,69.6093,81.18,8.95
414,grindavik,91,BR,1668920002,96,-15.675,-38.9472,70.38,4.0
415,sudbury,90,BR,1668920003,87,-2.5908,-51.9542,75.13,2.95
416,ashtabula,75,PT,1668920004,96,37.8,-25.5833,63.28,11.5
417,estevan,69,PG,1668919881,64,-2.5744,150.7967,84.76,11.61
418,mackay,42,ID,1668920004,71,-7.95,110.2833,84.27,11.12
419,valparaiso,0,NO,1668920005,68,70.6634,23.6821,25.25,1.14
420,valdivia,18,IR,1668920006,28,33.5959,56.9244,64.26,0.96
421,mackenzie,18,VU,1668920007,71,-16.0667,167.3833,83.28,11.41
422,sept-iles,40,MY,1668920007,77,1.55,110.3333,89.82,8.05
423,rockland,10,CN,1668920008,75,37.6508,120.3286,57.81,6.33
424,karaul,26,MX,1668920009,86,15.7432,-96.4661,78.82,3.8
425,goundam,95,IN,1668920009,49,25.7535,93.1732,74.93,2.39
426,eirunepe,0,AU,1668920010,30,-32.5833,151.7833,85.14,15.08
427,bose,0,US,1668920011,64,36.6177,-121.9166,56.43,8.05
428,brigantine,35,MW,1668920011,47,-13.7984,32.8802,76.15,6.69
429,shelburne,75,GB,1668920012,94,51.064,-0.3272,51.31,3.44
430,nakusp,100,US,1668920013,95,57.79,-152.4072,39.51,12.12
431,port hedland,61,RU,1668920013,92,69.3,139.9,-23.37,1.88
432,lata,7,PF,1668920014,68,-22.4333,-151.3333,72.21,18.39
433,ambilobe,0,US,1668920015,73,21.3469,-158.0858,76.75,4.61
434,porto novo,44,BJ,1668920015,43,9.0081,1.6654,70.36,3.85
435,mayo,0,US,1668919846,74,48.7595,-122.4882,41.43,4.61
436,faya,70,NZ,1668920017,93,-35.1667,173.1667,63.18,14.85
437,ulaangom,22,BR,1668919771,87,-22.0175,-47.8908,60.85,3.49
438,hamilton,88,ID,1668920018,70,-0.8667,134.0833,83.46,7.38
439,bure,13,MN,1668920018,34,45.7625,106.2708,22.37,11.43
440,kastamonu,6,ZW,1668920019,38,-17.397,32.2268,75.31,2.19
441,avera,17,SV,1668920019,82,13.5928,-89.8275,77.13,5.44
442,wageningen,100,PT,1668920020,91,39.05,-27.9833,64.2,21.05
443,porbandar,99,US,1668920021,77,28.3267,-82.6834,61.23,7.0
444,canavieiras,78,LY,1668920021,28,29.0331,21.5482,61.0,10.92
445,senador jose porfirio,100,JP,1668920022,87,34.6667,138.95,57.56,20.87
446,rabo de peixe,100,MX,1668920022,88,27.0167,-100.5167,41.94,7.67
447,kavieng,97,MX,1668920023,85,20.8667,-90.4,77.34,6.13
448,bambanglipuro,41,PE,1668920024,69,-13.1583,-74.2239,58.44,1.83
449,hammerfest,0,IT,1668920024,84,39.1763,8.9718,53.53,5.75
450,tabas,82,CN,1668920025,78,18.8003,110.3967,80.2,14.76
451,norsup,99,ES,1668920025,99,43.2686,-7.5406,52.41,2.59
452,kuching,100,US,1668919953,61,42.0987,-75.918,31.77,8.05
453,longkou,0,CN,1668920026,28,46.0833,127.4,33.8,16.53
454,pochutla,17,NC,1668920027,71,-22.6667,167.4833,73.45,8.99
455,lumding,100,BR,1668920028,86,-21.6403,-41.0511,67.19,7.7
456,clarence town,39,NG,1668920028,55,7.3833,8.5667,72.84,2.77
457,pacific grove,92,AU,1668920029,60,-33.8667,121.9,59.4,15.84
458,mchinji,0,MR,1668920029,40,20.5169,-13.0499,65.46,8.39
459,horsham,100,RU,1668920030,93,67.5447,133.385,-17.0,1.41
460,kodiak,47,CD,1668920031,88,-10.8764,26.5969,63.79,0.85
461,deputatskiy,100,RU,1668920031,88,56.8487,41.3883,19.22,9.44
462,moerai,87,GR,1668920032,80,36.8197,21.7049,69.66,11.25
463,tsihombe,100,CN,1668920032,33,42.0156,121.6589,41.45,4.5
464,makakilo city,95,CN,1668920033,36,40.8516,122.7475,46.31,8.93
465,bassila,20,CL,1668920033,94,-29.9533,-71.3436,56.93,3.44
466,paradwip,98,RU,1668920034,89,50.7333,92.05,12.11,2.13
467,bellingham,40,TZ,1668920035,83,-10.4,40.3333,79.92,11.5
468,ahipara,100,RU,1668920035,97,63.9242,127.4739,-11.79,3.62
469,sao carlos,100,DE,1668920036,89,49.2529,8.8787,43.41,10.69
470,manokwari,20,JM,1668920036,74,17.9702,-76.8672,80.56,4.61
471,mandalgovi,0,CL,1668920037,31,-22.4667,-68.9333,45.09,16.11
472,mutoko,74,BR,1668920038,88,-1.0217,-46.635,74.77,2.91
473,acajutla,20,VE,1668920039,84,10.6112,-66.8522,80.37,0.0
474,lagoa,75,JP,1668920039,68,32.6881,128.8419,68.36,8.05
475,bayonet point,44,RU,1668920040,96,63.4453,120.3167,-5.08,4.5
476,jalu,83,JM,1668920041,79,18.451,-78.1736,80.46,10.69
477,shimoda,0,US,1668919979,57,37.3394,-121.895,55.9,4.0
478,lampazos de naranjo,0,US,1668920042,68,37.2001,-94.3502,25.56,2.59
479,celestun,12,MN,1668920028,78,47.9077,106.8832,-0.27,4.47
480,ayacucho,30,BR,1668920043,87,-10.4056,-36.4344,75.47,8.3
481,capoterra,99,MV,1668920044,77,2.6708,72.8944,81.77,14.72
